#C should work with SS version:
#C file created using an r4ss function
#C file write time: 2025-06-02  16:07:46
#
1983 #_styr
2022 #_endyr
1 #_nseas
12 #_months_per_seas
2 #_Nsubseasons
1 #_spawn_month
2 #_Nsexes
28 #_Nages
1 #_N_areas
2 #_Nfleets
#_fleetinfo
#_type	surveytiming	area	units	need_catch_mult	fleetname
1	-1	1	1	0	Commercial	#_1
3	 1	1	1	0	NCRMP     	#_2
#_Catch data
#_year	season	fleet	catch	catch_se
 -999	1	1	168.311	   2	#_1         
 1983	1	1	181.426	0.01	#_2         
 1984	1	1	153.275	0.01	#_3         
 1985	1	1	171.462	0.01	#_4         
 1986	1	1	86.7961	0.01	#_5         
 1987	1	1	88.5297	0.01	#_6         
 1988	1	1	102.129	0.01	#_7         
 1989	1	1	131.108	0.01	#_8         
 1990	1	1	156.229	0.01	#_9         
 1991	1	1	218.561	0.01	#_10        
 1992	1	1	187.687	0.01	#_11        
 1993	1	1	230.096	0.01	#_12        
 1994	1	1	216.559	0.01	#_13        
 1995	1	1	319.317	0.01	#_14        
 1996	1	1	294.674	0.01	#_15        
 1997	1	1	  269.6	0.01	#_16        
 1998	1	1	252.049	0.01	#_17        
 1999	1	1	277.754	0.01	#_18        
 2000	1	1	495.678	0.01	#_19        
 2001	1	1	359.764	0.01	#_20        
 2002	1	1	258.291	0.01	#_21        
 2003	1	1	 213.08	0.01	#_22        
 2004	1	1	263.233	0.01	#_23        
 2005	1	1	206.612	0.01	#_24        
 2006	1	1	218.106	0.01	#_25        
 2007	1	1	165.213	0.01	#_26        
 2008	1	1	302.295	0.01	#_27        
 2009	1	1	 174.32	0.01	#_28        
 2010	1	1	169.291	0.01	#_29        
 2011	1	1	117.536	0.01	#_30        
 2012	1	1	161.937	0.01	#_31        
 2013	1	1	101.723	0.01	#_32        
 2014	1	1	150.834	0.01	#_33        
 2015	1	1	138.735	0.01	#_34        
 2016	1	1	148.093	0.01	#_35        
 2017	1	1	98.2535	0.01	#_36        
 2018	1	1	116.673	0.01	#_37        
 2019	1	1	129.429	0.01	#_38        
 2020	1	1	97.3407	0.01	#_39        
 2021	1	1	116.126	0.01	#_40        
 2022	1	1	136.794	0.01	#_41        
-9999	0	0	      0	   0	#_terminator
#_CPUE_and_surveyabundance_observations
#_Units:  0=numbers; 1=biomass; 2=F; >=30 for special types
#_Errtype:  -1=normal; 0=lognormal; >0=T
#_SD_Report: 0=no sdreport; 1=enable sdreport
#_fleet	units	errtype	SD_report
1	1	0	0	#_Commercial
2	0	0	0	#_NCRMP     
#
#_CPUE_data
#_year	month	index	obs	se_log
 2014	7	2	 2.402	0.2379	#_1         
 2016	7	2	1.3882	0.4056	#_2         
 2019	7	2	2.6552	0.2425	#_3         
 2021	7	2	2.6613	0.3809	#_4         
-9999	0	0	     0	     0	#_terminator
0 #_N_discard_fleets
#_discard_units (1=same_as_catchunits(bio/num); 2=fraction; 3=numbers)
#_discard_errtype:  >0 for DF of T-dist(read CV below); 0 for normal with CV; -1 for normal with se; -2 for lognormal
#
#_discard_fleet_info
#
#_discard_data
#
#_meanbodywt
0 #_use_meanbodywt
 #_DF_for_meanbodywt_T-distribution_like
#
#_population_length_bins
2 # length bin method: 1=use databins; 2=generate from binwidth,min,max below; 3=read vector
1 # binwidth for population size comp
0 # minimum size in the population (lower edge of first bin and size at age 0.00)
56 # maximum size in the population (lower edge of last bin)
1 #_use_lencomp
#
#_len_info
#_mintailcomp	addtocomp	combine_M_F	CompressBins	CompError	ParmSelect	minsamplesize
-1	0.001	0	0	0	0	0.001	#_Commercial
-1	0.001	0	0	0	0	0.001	#_NCRMP     
15 #_N_lbins
#_lbin_vector
6 9 12 15 18 21 24 27 30 33 36 39 42 45 48 #_lbin_vector
#
#_lencomp
#_year	month	fleet	sex	part	Nsamp	f6	f9	f12	f15	f18	f21	f24	f27	f30	f33	f36	f39	f42	f45	f48	m6	m9	m12	m15	m18	m21	m24	m27	m30	m33	m36	m39	m42	m45	m48
 1984	7	1	0	0	 23	     0	     0	     0	 0.00647249	 0.0507012	  0.182309	  0.25027	0.223301	 0.179072	 0.0819849	0.0161812	 0.004315	  0.004315	          0	0.00107875	0	0	0	0	0	0	0	0	0	0	0	0	0	0	0	#_1         
 1985	7	1	0	0	 38	     0	     0	     0	 0.00182983	0.00640439	 0.0567246	  0.20677	0.315645	 0.217749	   0.10613	0.0457457	0.0228728	  0.010064	  0.0073193	0.00274474	0	0	0	0	0	0	0	0	0	0	0	0	0	0	0	#_2         
 1986	7	1	0	0	 43	     0	     0	     0	 0.00217391	 0.0434783	  0.106522	 0.241304	0.226087	 0.180435	 0.0891304	0.0608696	0.0173913	 0.0195652	  0.0108696	0.00217391	0	0	0	0	0	0	0	0	0	0	0	0	0	0	0	#_3         
 1987	7	1	0	0	 15	     0	     0	     0	 0.00361011	  0.148014	   0.31769	 0.296029	0.158845	0.0361011	0.00722022	0.0144404	0.0108303	0.00361011	 0.00361011	         0	0	0	0	0	0	0	0	0	0	0	0	0	0	0	0	#_4         
 1988	7	1	0	0	 48	     0	     0	     0	  0.0106888	 0.0415677	   0.14133	 0.283848	0.226841	 0.135392	 0.0807601	  0.04038	0.0178147	 0.0130641	 0.00593824	 0.0023753	0	0	0	0	0	0	0	0	0	0	0	0	0	0	0	#_5         
 1989	7	1	0	0	 35	     0	     0	     0	 0.00490196	 0.0318627	  0.183824	  0.27451	0.210784	 0.117647	 0.0857843	0.0490196	0.0196078	0.00735294	 0.00735294	0.00735294	0	0	0	0	0	0	0	0	0	0	0	0	0	0	0	#_6         
 1990	7	1	0	0	 67	     0	     0	     0	 0.00168209	 0.0311186	  0.192599	 0.195122	0.237174	 0.168209	 0.0824222	0.0529857	0.0277544	0.00504626	 0.00336417	0.00252313	0	0	0	0	0	0	0	0	0	0	0	0	0	0	0	#_7         
 1991	7	1	0	0	302	     0	     0	     0	 0.00273785	 0.0247547	  0.112936	 0.237623	0.262834	 0.179786	 0.0904632	0.0479124	0.0240703	0.00821355	 0.00479124	0.00387862	0	0	0	0	0	0	0	0	0	0	0	0	0	0	0	#_8         
 1992	7	1	0	0	314	     0	     0	     0	 0.00884564	 0.0626935	   0.18996	 0.255971	0.203671	   0.1454	 0.0771782	0.0309598	 0.014927	0.00574967	 0.00221141	0.00243255	0	0	0	0	0	0	0	0	0	0	0	0	0	0	0	#_9         
 1993	7	1	0	0	170	     0	     0	     0	 0.00249493	 0.0416342	  0.200686	 0.264619	0.248869	 0.123343	 0.0639326	0.0324341	0.0138781	  0.004678	   0.002339	0.00109153	0	0	0	0	0	0	0	0	0	0	0	0	0	0	0	#_10        
 1994	7	1	0	0	 72	     0	     0	     0	0.000255037	 0.0122418	   0.10227	 0.294058	0.305789	 0.170875	 0.0650344	0.0288192	0.0127518	0.00561081	0.000510074	0.00178526	0	0	0	0	0	0	0	0	0	0	0	0	0	0	0	#_11        
 1995	7	1	0	0	104	     0	     0	     0	 0.00207162	  0.026931	  0.128736	 0.232021	0.202427	 0.163066	  0.115715	0.0686594	  0.03285	 0.0133175	 0.00443918	 0.0097662	0	0	0	0	0	0	0	0	0	0	0	0	0	0	0	#_12        
 1996	7	1	0	0	 26	     0	     0	     0	          0	0.00890869	  0.213808	 0.240535	0.260579	 0.146993	 0.0556793	0.0378619	0.0200445	0.00668151	 0.00890869	         0	0	0	0	0	0	0	0	0	0	0	0	0	0	0	0	#_13        
 1997	7	1	0	0	 40	     0	     0	     0	  0.0157068	 0.0488656	  0.179756	 0.230366	0.176265	 0.115183	 0.0820244	  0.04363	0.0628272	 0.0157068	   0.008726	 0.0209424	0	0	0	0	0	0	0	0	0	0	0	0	0	0	0	#_14        
 1998	7	1	0	0	 40	     0	     0	     0	 0.00059312	0.00355872	  0.069395	 0.179122	0.201068	 0.155991	   0.11032	0.0652432	0.0776987	 0.0498221	  0.0462633	 0.0409253	0	0	0	0	0	0	0	0	0	0	0	0	0	0	0	#_15        
 1999	7	1	0	0	 83	     0	     0	     0	  0.0010977	 0.0555434	  0.190999	 0.242151	0.164215	 0.113941	 0.0794731	0.0535675	0.0535675	 0.0239297	  0.0116356	0.00987925	0	0	0	0	0	0	0	0	0	0	0	0	0	0	0	#_16        
 2000	7	1	0	0	 64	     0	     0	     0	  0.0074714	 0.0235816	  0.101798	 0.194723	0.226477	 0.164838	 0.0961943	0.0681765	0.0548681	 0.0233481	  0.0175111	 0.0210133	0	0	0	0	0	0	0	0	0	0	0	0	0	0	0	#_17        
 2001	7	1	0	0	 44	     0	     0	     0	 0.00265111	 0.0275716	  0.102863	 0.147932	0.148993	 0.158006	  0.148462	 0.103393	0.0721103	 0.0408271	  0.0217391	 0.0254507	0	0	0	0	0	0	0	0	0	0	0	0	0	0	0	#_18        
 2002	7	1	0	0	 73	     0	     0	     0	0.000853728	 0.0213432	   0.12066	 0.137166	0.175014	 0.169892	  0.133751	 0.119806	0.0717131	 0.0236198	   0.011383	  0.014798	0	0	0	0	0	0	0	0	0	0	0	0	0	0	0	#_19        
 2003	7	1	0	0	 82	     0	     0	     0	0.000223464	 0.0359777	  0.104358	 0.113073	0.136313	 0.167374	  0.142346	 0.102123	0.0869274	 0.0527374	  0.0286034	 0.0299441	0	0	0	0	0	0	0	0	0	0	0	0	0	0	0	#_20        
 2004	7	1	0	0	 88	     0	     0	     0	0.000841397	0.00925536	 0.0622634	 0.185528	 0.21666	  0.18679	  0.123685	0.0841397	0.0652082	 0.0382836	  0.0130416	 0.0143037	0	0	0	0	0	0	0	0	0	0	0	0	0	0	0	#_21        
 2005	7	1	0	0	 72	     0	     0	     0	 0.00550206	0.00733608	  0.040807	 0.122421	0.194865	 0.190738	  0.172856	 0.117377	0.0829895	 0.0380559	  0.0105456	 0.0165062	0	0	0	0	0	0	0	0	0	0	0	0	0	0	0	#_22        
 2006	7	1	0	0	119	     0	     0	     0	 0.00588483	 0.0264817	 0.0529634	0.0542245	0.125263	  0.25557	  0.153846	 0.140395	0.0840689	 0.0479193	  0.0273224	 0.0260614	0	0	0	0	0	0	0	0	0	0	0	0	0	0	0	#_23        
 2007	7	1	0	0	107	     0	     0	     0	 0.00348212	0.00379867	 0.0221589	 0.117442	0.206078	 0.231719	  0.159861	 0.116493	0.0797721	 0.0294397	  0.0145616	 0.0151947	0	0	0	0	0	0	0	0	0	0	0	0	0	0	0	#_24        
 2008	7	1	0	0	 86	     0	     0	     0	          0	0.00200501	 0.0365915	0.0786967	0.178446	 0.227068	  0.181454	 0.140852	0.0802005	 0.0370927	  0.0170426	 0.0205514	0	0	0	0	0	0	0	0	0	0	0	0	0	0	0	#_25        
 2009	7	1	0	0	109	     0	     0	     0	  0.0013624	0.00499546	 0.0426885	 0.132153	0.250681	 0.212988	  0.138965	0.0990009	0.0772025	 0.0249773	 0.00999092	0.00499546	0	0	0	0	0	0	0	0	0	0	0	0	0	0	0	#_26        
 2010	7	1	0	0	 74	     0	     0	     0	          0	0.00115009	  0.013801	0.0598045	0.242668	 0.239793	  0.163312	 0.126509	0.0971823	 0.0293272	  0.0120759	 0.0143761	0	0	0	0	0	0	0	0	0	0	0	0	0	0	0	#_27        
 2011	7	1	0	0	 41	     0	     0	     0	          0	         0	0.00875912	 0.129927	0.332847	 0.252555	  0.127007	0.0817518	0.0379562	 0.0131387	 0.00729927	0.00875912	0	0	0	0	0	0	0	0	0	0	0	0	0	0	0	#_28        
 2012	7	1	0	0	 56	     0	     0	     0	          0	0.00545454	 0.0172727	 0.230909	0.365455	     0.19	 0.0809091	0.0381818	0.0318182	 0.0154545	 0.00727273	 0.0172727	0	0	0	0	0	0	0	0	0	0	0	0	0	0	0	#_29        
 2013	7	1	0	0	 42	     0	     0	     0	          0	         0	 0.0564024	 0.155488	0.320122	 0.219512	 0.0929878	0.0655488	0.0442073	 0.0228659	 0.00762195	 0.0152439	0	0	0	0	0	0	0	0	0	0	0	0	0	0	0	#_30        
 2014	7	1	0	0	 97	     0	     0	     0	          0	0.00307125	  0.031941	 0.175061	0.316339	 0.223587	  0.100123	0.0583538	0.0509828	 0.0202703	 0.00859951	 0.0116708	0	0	0	0	0	0	0	0	0	0	0	0	0	0	0	#_31        
 2015	7	1	0	0	 66	     0	     0	     0	          0	0.00387347	 0.0374435	 0.169787	0.275016	 0.213686	  0.114267	0.0768238	0.0516462	 0.0277598	  0.0142027	 0.0154939	0	0	0	0	0	0	0	0	0	0	0	0	0	0	0	#_32        
 2016	7	1	0	0	 44	     0	     0	     0	          0	 0.0148026	 0.0427632	 0.184211	0.304276	 0.215461	  0.116776	0.0526316	0.0361842	0.00822368	  0.0131579	 0.0115132	0	0	0	0	0	0	0	0	0	0	0	0	0	0	0	#_33        
 2017	7	1	0	0	 25	     0	     0	     0	          0	0.00527241	 0.0492091	 0.233743	0.321617	 0.223199	 0.0913884	0.0386643	0.0193322	0.00702988	 0.00527241	0.00527241	0	0	0	0	0	0	0	0	0	0	0	0	0	0	0	#_34        
 2018	7	1	0	0	 37	     0	     0	     0	          0	0.00421053	 0.0168421	0.0842105	0.216842	 0.256842	  0.107368	 0.124211	 0.113684	 0.0378947	  0.0210526	 0.0168421	0	0	0	0	0	0	0	0	0	0	0	0	0	0	0	#_35        
 2019	7	1	0	0	 36	     0	     0	     0	          0	0.00281955	 0.0178571	 0.106203	0.236842	 0.237782	  0.106203	  0.12218	 0.110902	 0.0328947	  0.0150376	 0.0112782	0	0	0	0	0	0	0	0	0	0	0	0	0	0	0	#_36        
 2020	7	1	0	0	  3	     0	     0	     0	          0	         0	         0	0.0769231	0.307692	 0.307692	  0.153846	0.0769231	        0	         0	          0	 0.0769231	0	0	0	0	0	0	0	0	0	0	0	0	0	0	0	#_37        
 2021	7	1	0	0	  9	     0	     0	     0	          0	         0	         0	 0.106796	0.262136	 0.398058	 0.0776699	0.0970874	 0.038835	0.00970874	          0	0.00970874	0	0	0	0	0	0	0	0	0	0	0	0	0	0	0	#_38        
 2022	7	1	0	0	 35	     0	     0	     0	          0	0.00278164	 0.0264256	0.0959666	0.223922	 0.205841	  0.176634	 0.133519	 0.100139	 0.0166898	  0.0069541	 0.0111266	0	0	0	0	0	0	0	0	0	0	0	0	0	0	0	#_39        
 2014	7	2	0	0	223	  0.03	0.0616	0.2519	     0.1552	    0.1679	    0.1789	    0.052	  0.0295	   0.0396	    0.0251	   0.0058	   0.0019	         0	      7e-04	         0	0	0	0	0	0	0	0	0	0	0	0	0	0	0	0	#_40        
 2016	7	2	0	0	240	0.0896	0.0436	 0.116	        0.2	    0.2637	    0.0617	   0.1313	  0.0422	   0.0367	    0.0076	   0.0023	   0.0054	         0	          0	         0	0	0	0	0	0	0	0	0	0	0	0	0	0	0	0	#_41        
 2019	7	2	0	0	203	0.0275	0.0272	 0.109	     0.2048	    0.2886	    0.1195	   0.1004	  0.0496	   0.0551	    0.0133	    8e-04	   0.0041	         0	          0	         0	0	0	0	0	0	0	0	0	0	0	0	0	0	0	0	#_42        
 2021	7	2	0	0	234	0.0233	0.0192	0.1079	     0.2432	    0.2504	    0.0632	   0.1464	  0.0303	    0.077	     0.028	   0.0016	   0.0049	    0.0018	     0.0024	     4e-04	0	0	0	0	0	0	0	0	0	0	0	0	0	0	0	#_43        
-9999	0	0	0	0	  0	     0	     0	     0	          0	         0	         0	        0	       0	        0	         0	        0	        0	         0	          0	         0	0	0	0	0	0	0	0	0	0	0	0	0	0	0	0	#_terminator
28 #_N_agebins
#
#_agebin_vector
0 1 2 3 4 5 6 7 8 9 10 11 12 13 14 15 16 17 18 19 20 21 22 23 24 25 26 27 #_agebin_vector
#
#_ageing_error
1 #_N_ageerror_definitions
#_age0	age1	age2	age3	age4	age5	age6	age7	age8	age9	age10	age11	age12	age13	age14	age15	age16	age17	age18	age19	age20	age21	age22	age23	age24	age25	age26	age0	age1
   -1	   -1	   -1	   -1	   -1	   -1	   -1	   -1	   -1	   -1	   -1	   -1	   -1	   -1	   -1	   -1	   -1	   -1	   -1	   -1	   -1	   -1	   -1	   -1	   -1	   -1	   -1	   -1	   -1	#_1
0.001	0.001	0.001	0.001	0.001	0.001	0.001	0.001	0.001	0.001	0.001	0.001	0.001	0.001	0.001	0.001	0.001	0.001	0.001	0.001	0.001	0.001	0.001	0.001	0.001	0.001	0.001	0.001	0.001	#_2
#
#_age_info
#_mintailcomp	addtocomp	combine_M_F	CompressBins	CompError	ParmSelect	minsamplesize
-1	0.001	0	0	0	0	0.001	#_Commercial
-1	0.001	0	0	0	0	0.001	#_NCRMP     
3 #_Lbin_method: 1=poplenbins; 2=datalenbins; 3=lengths
 #_combine males into females at or below this bin number
#_X.9999	X0	X0.1	X0.2	X0.3	X0.4	X0.5	X0.6	X0.7	X0.8	X0.9	X0.10	X0.11	X0.12	X0.13	X0.14	X0.15	X0.16	X0.17	X0.18	X0.19	X0.20	X0.21	X0.22	X0.23	X0.24	X0.25	X0.26	X0.27	X0.28	X0.29	X0.30	X0.31	X0.32	X0.33	X0.34	X0.35	X0.36	X0.37	X0.38	X0.39	X0.40	X0.41	X0.42	X0.43	X0.44	X0.45	X0.46	X0.47	X0.48	X0.49	X0.50	X0.51	X0.52	X0.53	X0.54	X0.55	X0.56	X0.57	X0.58	X0.59	X0.60	X0.61	X0.62	X0.63
-9999	0	0	0	0	0	0	0	0	0	0	0	0	0	0	0	0	0	0	0	0	0	0	0	0	0	0	0	0	0	0	0	0	0	0	0	0	0	0	0	0	0	0	0	0	0	0	0	0	0	0	0	0	0	0	0	0	0	0	0	0	0	0	0	0	#_terminator
#
#_MeanSize_at_Age_obs
0 #_use_MeanSize_at_Age_obs
0 #_N_environ_variables
0 #_N_sizefreq_methods
0 #_do_tags
0 #_morphcomp_data
0 #_use_selectivity_priors
#
999
